2 69
14 10
12 47
13 61
16 9
18 30
13 28
11 80
2 61
11 3
19 14
14 55
15 85
19 85
10 51
8 6
2 29
16 96
8 100
19 85
19 96
16 13
13 49
4 50
4 20
13 48
6 5
18 29
1 77
6 1
7 1
9 94
16 76
8 47
2 33
3 54
19 22
19 56
8 100
7 31
7 18
2 30
13 99
3 79
5 89
6 72
13 87
2 48
19 75
12 94
14 68
12 3
10 62
9 68
1 14
18 77
8 96
2 42
16 50
3 12
3 5
13 53
7 76
10 15
4 99
4 91
6 27
19 73
13 35
17 22
9 48
6 52
19 40
17 50
17 16
2 56
4 55
13 26
9 35
11 65
1 28
16 19
7 42
4 53
19 36
5 63
7 68
14 12
16 49
16 23
18 70
3 96
9 9
10 78
13 51
1 70
2 75
3 17
15 99
15 9
20 0